Регион: altay
Тип номера: Бронзовый
Номера: 9293961555, 9237290555, 9236426555, 9293947555, 9293230555, 9237477555, 9339308555, 9237542555, 9237791555, 9236482555, 9231686555, 9293437555, 9293474555, 9237942555, 9231639555, 9237173555, 9237789555, 9235689555, 9237207555, 9339318555, 9237956555, 9236478555, 9237519555, 9236590555, 9237296555, 9293281555, 9293756555, 9237503555, 9293946555, 9237539555, 9235634555, 9293286555, 9293498555, 9231637555, 9236463555, 9331603555, 9237482555, 9237179555, 9237481555, 9235627555, 9237762555, 9237264555, 9236503555, 9293266555

Регион: amur
Тип номера: Бронзовый
Номера: 9241463555, 9247464555, 9243462555, 9294933555, 9294789555, 9243466555, 9243482555, 9294783555, 9245843555, 9246836555, 9294919555, 9246769555, 9241423555, 9247481555, 9294799555, 9241498555, 9243422555, 9248498555, 9246831555, 9243439555, 9246832555, 9244472555, 9247446555, 9243457555, 9248472555, 9248421555, 9243487555, 9248423555, 9241473555, 9244409555, 9244468555, 9248408555, 9240414555, 9294932555, 9241421555, 9245818555, 9294917555, 9247456555, 9245832555, 9247486555, 9246842555, 9992519555, 9294756555, 9294760555

Регион: arhangelsk
Тип номера: Бронзовый
Номера: 9291413555, 9214953555, 9314132555, 9214843555, 9216001555, 9210892555, 9212981555, 9216787555, 9212496555, 9212433555, 9217213555, 9314023555, 9214734555, 9216754555, 9314103555, 9214797555, 9210723555, 9214969555, 9216736555, 9212443555, 9314108555, 9216718555, 9214748555, 9218148555, 9210871555, 9291468555, 9216748555, 9216741555, 9210841555, 9216737555, 9216749555, 9314106555, 9218108555, 9214816555, 9212994555, 9210780555, 9314038555, 9216007555, 9210872555, 9216711555, 9212950555, 9216781555, 9210814555, 9214908555

Регион: astrakhan
Тип номера: Бронзовый
Номера: 9276817555, 9276847555, 9397258555, 9371147555, 9297326555, 9278794555, 9397298555, 9297324555, 9397247555, 9278764555, 9397236555, 9397288555, 9278852555, 9297339555, 9297321555, 9397273555, 9278838555, 9297338555, 9379309555, 9397232555, 9397233555, 9397271555, 9397217555, 9397293555, 9276824555, 9297346555, 9278733555, 9278726555, 9276826555, 9297329555, 9397262555, 9397296555, 9278768555, 9297328555, 9371187555, 9379389555, 9371126555, 9371197555, 9397264555, 9297342555, 9397229555, 9397212555, 9397276555, 9397292555

